
Seam Carving :
input: 32 48 28 11 48 49 27 9 38 43 1 3 21 18 29 0 39 5 22 37 15 46 26 21 34 6 24 27 16 7 13 26 22 29 18 16 8 5 44 40 42 8 25 0 1 42 15 17 46 29 37 2 39 20 16 7 28 38 12 11 22 33 29 1 2 46 9 36 3 26 32 42 15 21 33 14 3 24 22 34 36 45 11 27 12 48 31 12 23 43 5 2 18 14 7 17 0 17 44 25 26 4 3 4 9 27 9 18 44 13 24 39 42 10 25 43 38 8 2 43 17 0 6 4 41 16 16 48 41 12 8 2 46 40 2 1 43 35 24 26 18 7 7 49 44 31 23 21 27 34 23 38 21 49 9 9 22 38 22 27 14 43 31 28 36 16 9 25 34 23 20 8 43 1 2 42 10 15 12 4 3 7 25 40 13 4 31 47 42 27 14 38 32 50 6 49 25 20 48 48 42 41 50 14 32 8 42 39 46 29 36 24 3 16 1 48 4 21 4 7 48 24 30 6 49 1 7 21 6 14 9 34 28 40 49 3 22 10 40 27 19 25 48 49 40 23 21 19 7 28 27 40 12 3 25 28 6 2 11 2 27 21 14 3 48 41 46 47 36 49 5 9 43 18 7 10 39 32 29 44 35 24 38 45 5 28 40 2 4 14 25 1 31 41 18 30 22 49 3 38 43 48 16 5 4 25 1 2 16 42 41 19 14 41 6 21 24 46 27 44 50 42 6 2 32 21 20 32 3 22 21 43 4 26 28 47 20 40 28 7 34 40 37 39 3 12 26 39 30 30 10 4 29 4 24 0 14 14 30 24 5 18 5 26 50 25 22 48 50 12 18 34 1 9 2 38 19 24 29 44 25 8 21 31 50 8 17 36 25 1 22 45 0 46 13 29 22 19 12 43 1 20 23 33 3 42 9 10 30 30 45 1 9 28 27 15 50 202 244 222 232 203 201 213 209 219 205 235 236 216 251 218 253 244 224 239 225 244 242 226 236 206 215 226 238 234 215 6 38 207 203 246 214 247 200 250 214 206 206 206 229 250 210 207 247 201 250 200 224 204 252 202 237 236 208 235 206 232 201 38 31 230 235 236 245 220 200 233 244 205 227 234 210 229 236 250 253 245 214 218 245 211 219 230 245 228 212 235 221 251 247 5 31 241 211 205 235 205 214 206 220 236 216 221 245 212 207 235 243 242 217 231 247 201 245 221 235 201 254 246 254 237 254 36 11 243 217 239 248 248 241 214 229 200 243 201 207 220 230 226 238 204 252 254 202 253 234 229 205 247 222 218 225 209 201 44 46 232 239 202 210 207 215 210 236 253 204 251 203 237 210 234 210 250 232 232 221 229 214 217 218 249 226 230 213 245 212 41 34 29 10 22 44 33 19 40 36 3 10 44 5 36 22 39 43 20 3 48 22 27 12 6 16 14 17 7 35 5 10 5 13 2 46 4 32 8 40 3 20 1 25 37 40 15 5 2 6 7 16 47 38 0 48 11 32 44 28 7 29 30 14 49 5 28 44 24 15 25 43 12 3 48 32 31 18 0 3 8 35 3 24 14 48 21 25 20 48 23 17 46 8 9 45 44 9 24 15 16 12 15 10 2 42 11 19 0 11 47 14 4 8 12 49 21 35 32 34 46 29 14 42 14 25 10 28 20 10 28 0 18 5 16 28 14 8 22 41 25 3 41 33 0 30 11 6 15 44 5 50 3 17 19 18 0 44 38 40 13 32 18 13 34 39 30 48 8 39 45 6 41 48 15 27 41 15 21 32 7 49 35 9 5 46 24 15 44 50 21 39 36 2 24 12 8 24 34 24 13 8 50 48 39 25 34 13 10 35 15 15 40 27 36 29 24 41 49 31 16 26 0 37 4 47 36 27 28 5 17 8 16 1 34 6 5 43 31 48 40 45 2 40 7 34 33 18 39 27 11 35 35 42 13 22 35 41 46 35 4 27 18 28 33 0 1 27 0 33 9 2 22 14 14 22 10 21 47 23 17 13 36 40 12 17 7 8 19 19 10 27 19 20 0 1 10 19 32 45 31 15 24 42 25 12 9 24 40 36 36 24 13 19 7 6 24 37 15 17 15 44 31 10 3 23 6 10 17 27 37 39 50 46 43 27 7 43 7 17 32 15 41 27 8 8 26 46 31 11 31 10 36 8 16 5 18 18 21 11 20 35 43 15 10 16 14 27 0 14 1 8 31 10 17 40 16 35 45 23 2 26 47 27 6 15 32 22 14 40 5 35 34 37 20 6 33 16 2 15 29 7 26 23 34 8 38 25 23 48 45 16 25 46 16 50 25 34
minimum disruption: 406
best seam: [29, 30, 29, 28, 29, 29, 30, 31, 30, 29, 30, 29, 30, 30, 31, 30, 31, 30, 31, 30, 31, 31, 31, 30, 31, 30, 29, 28, 28, 27, 26, 25]
note: these numbers for the best seam assume indices starting at ZERO.


String Breaking:
input: 50 5 7 13 28 41 45
minimum cost: 122
best break sequence: [28, 13, 7, 41, 45]


Inventory Planning:
input:6 7 14 2 9 21 6 10 2 2 2 5 8 8 8 8 8 8 8 8 8 8 8 8 8 8 8 8 8 8 8 8 8 8 8 8 8 8 8 8 8 8 8 8 8 8 8 8 8 8 8 8 8 8 8 8 8 8 8 8 8 8 8 8 8 8 8 8
optimal plan:9 12 10 10 12 6




